N	Tiempo promedio [ms]

'k_fuerza_bruta'
1	0.0108
10	0.0508
100	1.2488
1000	31.1901
10000	164.4915
100000	3889.2840

'ordenar_y_seleccionar'
1	0.0010
10	0.0018
100     0.0024
1000    0.0144
10000   0.1351
100000  1.3427
1000000 15.4672

'k_selecciones'
1	0.0016
10	0.0129
100	0.8357
1000	81.2342
10000	9663.1832

'k_heapsort'
1	0.0020
10	0.0326
100	1.6649
1000	135.7495
10000	14539.0166

'heapselect'
1	0.0038
10	0.0149
100	0.1466
1000	2.0618
10000	26.8943
100000	298.8118
1000000	3691.9642

'k_quickselect'
1	0.0010
10	0.0170
100	0.2770
1000	2.9555
10000	34.3303
100000	475.5241
